0.000000
0.074696
0.180870
0.311576
0.463288
0.633799
0.821577
1.025491
1.244666
1.478414
1.726172
1.987483
2.261961
2.549288
2.849193
3.161449
3.485863
3.822273
4.170545
4.530567
4.902248
5.285516
5.680315
6.086606
6.504362
6.933572
7.374236
7.826367
8.289988
8.765135
9.251852
9.750195
10.260231
10.782035
11.315694
11.861303
12.418970
12.988809
13.570949
14.165527
14.772689
15.392597
16.025420
16.671341
17.330554
18.003268
18.689704
19.390096
20.104695
20.833766
21.577592
22.336472
23.110724
23.900686
24.706717
25.529199
26.368538
27.225166
28.099542
28.992156
29.903532
30.834227
31.784840
32.756008
33.748418
34.762805
35.799960
36.860737
37.946056
39.056913
40.194387
41.359653
42.553990
43.778795
45.035601
46.326093
47.652132
49.015780
50.419332
51.865354
53.356731
54.896723
56.489042
58.137935
59.848310
61.625881
63.477373
65.410787
67.435771
69.564136
71.810609
74.193952
76.738707
79.478053
82.458782
85.750696
89.466451
93.810742
99.238707
107.328299
