0.125000
0.250000
0.375001
0.500002
0.625004
0.750007
0.875011
1.000018
1.125026
1.250036
1.375048
1.500063
1.625081
1.750102
1.875127
2.000155
2.125187
2.250223
2.375264
2.500309
2.625359
2.750414
2.875474
3.000541
3.125613
3.250691
3.375775
3.500866
3.625964
3.751070
3.876182
4.001302
4.126430
4.251566
4.376711
4.501864
4.627026
4.752197
4.877378
5.002568
5.127768
5.252979
5.378199
5.503431
5.628673
5.753926
5.879191
6.004467
6.129755
6.255056
6.380368
6.505694
6.631032
6.756384
6.881748
7.007127
7.132519
7.257926
7.383347
7.508782
7.634233
7.759699
7.885180
8.010677
8.136189
8.261718
8.387263
8.512825
8.638404
8.764000
8.889614
9.015245
9.140894
9.266562
9.392247
9.517952
9.643675
9.769418
9.895180
10.020961
10.146763
10.272585
10.398427
10.524291
10.650175
10.776080
10.902007
11.027955
11.153926
11.279919
11.405934
11.531972
11.658033
11.784117
11.910225
12.036356
12.162512
12.288692
12.414896
12.541125
12.667379
12.793659
12.919964
13.046295
13.172651
13.299035
13.425444
13.551881
13.678345
13.804836
13.931354
14.057901
14.184475
14.311078
14.437710
14.564370
14.691060
14.817779
14.944527
15.071306
15.198114
15.324954
15.451823
15.578724
15.705656
15.832619
15.959614
16.086641
16.213700
16.340792
16.467917
16.595074
16.722265
16.849489
16.976747
17.104039
17.231365
17.358726
17.486122
17.613552
17.741018
17.868520
17.996057
18.123631
18.251241
18.378888
18.506571
18.634292
18.762050
18.889846
19.017679
19.145551
19.273461
19.401410
19.529398
19.657426
19.785492
19.913599
20.041745
20.169932
20.298160
20.426428
20.554737
20.683088
20.811480
20.939914
21.068390
21.196909
21.325470
21.454075
21.582722
21.711413
21.840148
21.968926
22.097749
22.226616
22.355529
22.484486
22.613488
22.742536
22.871630
23.000770
23.129957
23.259190
23.388470
23.517797
23.647172
23.776594
23.906064
24.035583
24.165150
24.294766
24.424431
24.554145
24.683909
24.813722
24.943586
25.073500
25.203465
25.333481
25.463548
25.593666
25.723837
25.854059
25.984334
26.114661
26.245041
26.375474
26.505960
26.636500
26.767094
26.897742
27.028445
27.159203
27.290015
27.420883
27.551806
27.682785
27.813820
27.944912
28.076060
28.207265
28.338528
28.469847
28.601225
28.732661
28.864155
28.995707
29.127319
29.258989
29.390719
29.522509
29.654358
29.786268
29.918238
30.050269
30.182362
30.314515
30.446730
30.579008
30.711347
30.843749
30.976213
31.108741
31.241332
31.373986
31.506704
31.639487
31.772334
31.905245
32.038222
32.171264
32.304371
32.437545
32.570784
32.704090
32.837462
32.970902
33.104409
33.237983
33.371625
33.505335
33.639114
33.772961
33.906878
34.040863
34.174918
34.309043
34.443238
34.577504
34.711840
34.846247
34.980725
35.115275
35.249897
35.384591
35.519357
35.654196
35.789108
35.924093
36.059152
36.194284
36.329491
36.464772
36.600128
36.735559
36.871066
37.006648
37.142306
37.278040
37.413850
37.549737
37.685702
37.821744
37.957863
38.094060
38.230336
38.366690
38.503123
38.639635
38.776227
38.912898
39.049650
39.186481
39.323393
39.460387
39.597461
39.734617
39.871855
40.009175
40.146577
40.284062
40.421630
40.559281
40.697016
40.834835
40.972738
41.110725
41.248798
41.386955
41.525198
41.663527
41.801942
41.940443
42.079030
42.217705
42.356467
42.495316
42.634253
42.773279
42.912392
43.051595
43.190887
43.330268
43.469739
43.609300
43.748951
43.888692
44.028525
44.168449
44.308464
44.448572
44.588771
44.729063
44.869448
45.009926
45.150497
45.291162
45.431921
45.572775
45.713723
45.854766
45.995904
46.137138
46.278468
46.419894
46.561417
46.703036
46.844753
46.986567
47.128479
47.270489
47.412598
47.554805
47.697112
47.839518
47.982023
48.124629
48.267335
48.410142
48.553050
48.696059
48.839170
48.982383
49.125698
49.269115
49.412636
49.556260
49.699987
49.843819
49.987755
50.131795
50.275940
50.420190
50.564546
50.709008
50.853576
50.998251
51.143032
51.287921
51.432917
51.578021
51.723234
51.868554
52.013984
52.159523
52.305171
52.450929
52.596798
52.742776
52.888866
53.035067
53.181379
53.327804
53.474340
53.620989
53.767751
53.914626
54.061614
54.208717
54.355933
54.503264
54.650710
54.798272
54.945949
55.093741
55.241650
55.389676
55.537818
55.686078
55.834456
55.982951
56.131565
56.280297
56.429148
56.578119
56.727209
56.876420
57.025751
57.175202
57.324775
57.474469
57.624284
57.774222
57.924283
58.074466
58.224772
58.375202
58.525756
58.676434
58.827237
58.978164
59.129217
59.280395
59.431700
59.583131
59.734688
59.886373
60.038185
60.190124
60.342192
60.494389
60.646714
60.799168
60.951752
61.104466
61.257311
61.410286
61.563391
61.716629
61.869998
62.023499
62.177133
62.330899
62.484799
62.638832
62.792999
62.947301
63.101737
63.256308
63.411014
63.565857
63.720835
63.875950
64.031202
64.186591
64.342118
64.497782
64.653585
64.809527
64.965608
65.121829
65.278189
65.434689
65.591330
65.748113
65.905036
66.062101
66.219309
66.376658
66.534151
66.691787
66.849567
67.007490
67.165558
67.323771
67.482129
67.640633
67.799282
67.958078
68.117021
68.276110
68.435348
68.594733
68.754266
68.913948
69.073779
69.233759
69.393889
69.554169
69.714600
69.875182
70.035915
70.196801
70.357838
70.519028
70.680370
70.841866
71.003516
71.165320
71.327279
71.489392
71.651661
71.814085
71.976666
72.139403
72.302297
72.465349
72.628558
72.791925
72.955451
73.119136
73.282980
73.446984
73.611148
73.775472
73.939958
74.104605
74.269414
74.434385
74.599518
74.764815
74.930275
75.095899
75.261687
75.427640
75.593758
75.760041
75.926490
76.093106
76.259889
76.426838
76.593955
76.761240
76.928694
77.096316
77.264108
77.432069
77.600201
77.768503
77.936976
78.105620
78.274436
78.443425
78.612586
78.781920
78.951427
79.121109
79.290965
79.460995
79.631201
79.801583
79.972140
80.142874
80.313785
80.484874
80.656140
80.827584
80.999208
81.171010
81.342992
81.515154
81.687496
81.860019
82.032724
82.205610
82.378678
82.551929
82.725363
82.898981
83.072783
83.246769
83.420940
83.595296
83.769838
83.944566
84.119481
84.294583
84.469873
84.645350
84.821016
84.996871
85.172915
85.349149
85.525574
85.702189
85.878995
86.055993
86.233183
86.410565
86.588141
86.765910
86.943873
87.122030
87.300382
87.478930
87.657673
87.836613
88.015749
88.195083
88.374614
88.554343
88.734271
88.914398
89.094725
89.275251
89.455978
89.636906
89.818035
89.999367
90.180900
90.362637
90.544577
90.726720
90.909068
91.091621
91.274378
91.457342
91.640512
91.823888
92.007472
92.191263
92.375263
92.559471
92.743888
92.928515
93.113352
93.298399
93.483658
93.669128
93.854810
94.040705
94.226812
94.413134
94.599669
94.786419
94.973383
95.160564
95.347960
95.535573
95.723403
95.911450
96.099716
96.288200
96.476903
96.665825
96.854968
97.044331
97.233915
97.423721
97.613749
97.803999
97.994472
98.185170
98.376091
98.567236
98.758607
98.950204
99.142027
99.334076
99.526353
99.718857
99.911590
100.104552
100.297742
100.491163
100.684814
100.878695
101.072809
101.267154
101.461731
101.656542
101.851586
102.046864
102.242376
102.438124
102.634107
102.830327
103.026783
103.223476
103.420407
103.617577
103.814985
104.012633
104.210520
104.408648
104.607018
104.805628
105.004481
105.203576
105.402915
105.602497
105.802324
106.002395
106.202712
106.403275
106.604084
106.805140
107.006444
107.207996
107.409797
107.611847
107.814147
108.016697
108.219498
108.422551
108.625856
108.829413
109.033223
109.237288
109.441606
109.646180
109.851009
110.056094
110.261435
110.467034
110.672891
110.879006
111.085379
111.292012
111.498906
111.706060
111.913475
112.121151
112.329091
112.537293
112.745758
112.954488
113.163483
113.372742
113.582268
113.792060
114.002119
114.212446
114.423041
114.633905
114.845038
115.056441
115.268115
115.480060
115.692277
115.904766
116.117528
116.330564
116.543874
116.757458
116.971319
117.185455
117.399868
117.614558
117.829525
118.044772
118.260297
118.476102
118.692187
118.908554
119.125201
119.342131
119.559344
119.776840
119.994619
120.212684
120.431034
120.649669
120.868591
121.087801
121.307297
121.527083
121.747157
121.967521
122.188175
122.409120
122.630356
122.851885
123.073706
123.295821
123.518230
123.740934
123.963933
124.187228
124.410819
124.634708
124.858895
125.083380
125.308164
125.533249
125.758633
125.984320
126.210307
126.436598
126.663191
126.890088
127.117290
127.344797
127.572609
127.800728
128.029154
128.257888
128.486930
128.716281
128.945942
129.175913
129.406196
129.636790
129.867696
130.098916
130.330449
130.562297
130.794460
131.026939
131.259734
131.492847
131.726277
131.960026
132.194094
132.428482
132.663191
132.898220
133.133572
133.369247
133.605245
133.841566
134.078213
134.315185
134.552483
134.790108
135.028061
135.266342
135.504951
135.743891
135.983160
136.222761
136.462694
136.702959
136.943557
137.184489
137.425756
137.667358
137.909296
138.151571
138.394183
138.637134
138.880423
139.124052
139.368022
139.612332
139.856985
140.101980
140.347318
140.593000
140.839027
141.085399
141.332118
141.579184
141.826597
142.074359
142.322470
142.570931
142.819742
143.068905
143.318420
143.568288
143.818510
144.069086
144.320017
144.571304
144.822948
145.074949
145.327308
145.580027
145.833104
146.086543
146.340343
146.594504
146.849029
147.103916
147.359169
147.614786
147.870769
148.127119
148.383836
148.640921
148.898375
149.156199
149.414393
149.672959
149.931897
150.191207
150.450892
150.710950
150.971384
151.232194
151.493381
151.754945
152.016888
152.279210
152.541911
152.804994
153.068458
153.332305
153.596535
153.861149
154.126148
154.391532
154.657303
154.923461
155.190007
155.456942
155.724266
155.991982
156.260088
156.528587
156.797479
157.066764
157.336444
157.606520
157.876992
158.147861
158.419128
158.690794
158.962859
159.235325
159.508192
159.781462
160.055134
160.329210
160.603691
160.878578
161.153871
161.429571
161.705679
161.982196
162.259123
162.536461
162.814210
163.092372
163.370946
163.649935
163.929339
164.209159
164.489395
164.770049
165.051122
165.332614
165.614526
165.896859
166.179614
166.462792
166.746393
167.030419
167.314871
167.599749
167.885055
168.170788
168.456951
168.743543
169.030567
169.318022
169.605910
169.894231
170.182987
170.472178
170.761805
171.051870
171.342373
171.633314
171.924696
172.216518
172.508782
172.801489
173.094640
173.388234
173.682275
173.976761
174.271695
174.567077
174.862909
175.159190
175.455923
175.753107
