0.138877
0.287849
0.448124
0.621000
0.807878
1.010274
1.229827
1.468319
1.727680
2.010015
2.317611
2.652961
3.018784
3.418045
3.853980
4.330122
4.850331
5.418823
6.040207
6.719519
7.462264
8.274464
9.162702
10.134176
11.196762
12.359072
13.630528
15.021434
16.543065
18.207755
20.028996
22.021551
24.201570
26.586723
29.196343
32.051583
35.175584
38.593670
42.333544
46.425521
50.902767
55.801574
61.161648
67.026434
73.443471
80.464770
88.147243
96.553160
105.750655
115.814278
126.825598
138.873869
152.056747
166.481086
182.263801
199.532818
218.428112
239.102837
261.724572
286.476676
313.559778
343.193398
375.617730
411.095589
449.914540
492.389229
538.863932
589.715349
645.355655
706.235840
772.849367
845.736170
925.487031
1012.748366
1108.227472
1212.698250
1327.007485
1452.081708
1588.934702
1738.675727
1902.518503
2081.791054
2277.946466
2492.574671
2727.415332
2984.371943
3265.527258
3573.160171
3909.764192
4278.067655
4681.055832
5121.995130
5604.459571
6132.359754
6709.974557
7341.985821
8033.516292
8790.171149
9618.083435
10523.963766
