1.250000
2.500125
3.750625
5.001750
6.253751
7.506879
8.761384
10.017519
11.275537
12.535689
13.798231
15.063417
16.331503
17.602748
18.877408
20.155745
21.438019
22.724493
24.015432
25.311103
26.611773
27.917713
29.229196
30.546495
31.869888
33.199654
34.536076
35.879436
37.230024
38.588130
39.954045
41.328068
42.710497
44.101636
45.501791
46.911271
48.330392
49.759470
51.198827
52.648789
54.109685
55.581852
57.065626
58.561352
60.069377
61.590056
63.123747
64.670812
66.231621
67.806549
69.395974
71.000283
72.619868
74.255127
75.906463
77.574287
79.259016
80.961075
82.680893
84.418910
86.175570
87.951325
89.746637
91.561973
93.397810
95.254631
97.132930
99.033208
100.955975
102.901750
104.871061
106.864447
108.882454
110.925641
112.994573
115.089829
117.211997
119.361675
121.539475
123.746015
125.981931
128.247865
130.544474
132.872427
135.232405
137.625102
140.051226
142.511496
145.006646
147.537426
150.104597
152.708935
155.351234
158.032300
160.752954
163.514036
166.316401
169.160918
172.048476
174.979980
