1.000000
1.090000
1.180000
1.270000
1.360000
1.450000
1.540000
1.630000
1.720000
1.810000
1.900000
1.990000
2.080000
2.170000
2.260000
2.350000
2.440000
2.530000
2.620000
2.710000
2.800000
2.890000
2.980000
3.070000
3.160000
3.250000
3.340000
3.430000
3.520000
3.610000
3.700000
3.790000
3.880000
3.970000
4.060000
4.150000
4.240000
4.330000
4.420000
4.510000
4.600000
4.690000
4.780000
4.870000
4.960000
5.050000
5.140000
5.230000
5.320000
5.410000
5.500000
5.590000
5.680000
5.770000
5.860000
5.950000
6.040000
6.130000
6.220000
6.310000
6.400000
6.490000
6.580000
6.670000
6.760000
6.850000
6.940000
7.030000
7.120000
7.210000
7.300000
7.390000
7.480000
7.570000
7.660000
7.750000
7.840000
7.930000
8.020000
8.110000
8.200000
8.290000
8.380000
8.470000
8.560000
8.650000
8.740000
8.830000
8.920000
9.010000
9.100000
9.190000
9.280000
9.370000
9.460000
9.550000
9.640000
9.730000
9.820000
9.910000
