0.214299
0.460884
0.746305
1.078372
1.466412
1.921568
2.457166
3.089144
3.836572
4.722270
5.773550
7.023104
8.510064
10.281277
12.392823
14.911839
17.918700
21.509629
25.799826
30.927206
37.056883
44.386535
53.152820
63.639074
76.184507
91.195228
109.157436
130.653219
156.379459
187.170480
224.025143
268.139306
320.944670
384.155289
459.823262
550.405397
658.843024
788.657558
944.064896
1130.112383
1352.842789
1619.490623
1938.717164
2320.891846
2778.429136
3326.191849
3981.974005
4767.078913
5707.011266
6832.305724
8179.518913
9792.417060
11723.397852
14035.192708
16802.904775
20116.448843
24083.472460
28832.853139
34518.885278
41326.292806
49476.230423
59233.468371
70914.994183
84900.310839
101643.765893
121689.312127
145688.179258
174420.030807
208818.293481
250000.481941
299304.504142
358332.126719
429001.012496
513607.020706
614898.793885
736167.054601
881351.513052
1055168.858689
1263265.994024
1512403.488787
1810675.214447
2167771.294461
2595292.912882
3107129.208691
3719908.500234
4453538.498957
5331853.062659
6383386.499732
7642300.579624
9149494.365875
10953932.927488
13114238.095264
15700592.942891
18797021.864791
22504120.324887
26942322.959241
32255816.205268
38617222.569367
46233208.713465
55351199.553600
