0.000000
3849.800000
7699.600000
11549.400000
15399.200000
19249.000000
23098.800000
26948.600000
30798.400000
34648.200000
38498.000000
42347.800000
46197.600000
50047.400000
53897.200000
57747.000000
61596.800000
65446.600000
69296.400000
73146.200000
76996.000000
80845.800000
84695.600000
88545.400000
92395.200000
96245.000000
100094.800000
103944.600000
107794.400000
111644.200000
115494.000000
119343.800000
123193.600000
127043.400000
130893.200000
134743.000000
138592.800000
142442.600000
146292.400000
150142.200000
153992.000000
157841.800000
161691.600000
165541.400000
169391.200000
173241.000000
177090.800000
180940.600000
184790.400000
188640.200000
192490.000000
196339.800000
200189.600000
204039.400000
207889.200000
211739.000000
215588.800000
219438.600000
223288.400000
227138.200000
230988.000000
234837.800000
238687.600000
242537.400000
246387.200000
250237.000000
254086.800000
257936.600000
261786.400000
265636.200000
269486.000000
273335.800000
277185.600000
281035.400000
284885.200000
288735.000000
292584.800000
296434.600000
300284.400000
304134.200000
307984.000000
311833.800000
315683.600000
319533.400000
323383.200000
327233.000000
331082.800000
334932.600000
338782.400000
342632.200000
346482.000000
350331.800000
354181.600000
358031.400000
361881.200000
365731.000000
369580.800000
373430.600000
377280.400000
381130.200000
