6377.000000
10163.030000
13949.060000
17735.090000
21521.120000
25307.150000
29093.180000
32879.210000
36665.240000
40451.270000
44237.300000
48023.330000
51809.360000
55595.390000
59381.420000
63167.450000
66953.480000
70739.510000
74525.540000
78311.570000
82097.600000
85883.630000
89669.660000
93455.690000
97241.720000
101027.750000
104813.780000
108599.810000
112385.840000
116171.870000
119957.900000
123743.930000
127529.960000
131315.990000
135102.020000
138888.050000
142674.080000
146460.110000
150246.140000
154032.170000
157818.200000
161604.230000
165390.260000
169176.290000
172962.320000
176748.350000
180534.380000
184320.410000
188106.440000
191892.470000
195678.500000
199464.530000
203250.560000
207036.590000
210822.620000
214608.650000
218394.680000
222180.710000
225966.740000
229752.770000
233538.800000
237324.830000
241110.860000
244896.890000
248682.920000
252468.950000
256254.980000
260041.010000
263827.040000
267613.070000
271399.100000
275185.130000
278971.160000
282757.190000
286543.220000
290329.250000
294115.280000
297901.310000
301687.340000
305473.370000
309259.400000
313045.430000
316831.460000
320617.490000
324403.520000
328189.550000
331975.580000
335761.610000
339547.640000
343333.670000
347119.700000
350905.730000
354691.760000
358477.790000
362263.820000
366049.850000
369835.880000
373621.910000
377407.940000
0.000000
