0.094859
0.215215
0.356937
0.517562
0.695423
0.889311
1.098301
1.321667
1.558823
1.809291
2.072672
2.348632
2.636891
2.937212
3.249392
3.573263
3.908682
4.255528
4.613704
4.983130
5.363741
5.755492
6.158347
6.572287
6.997303
7.433399
7.880590
8.338899
8.808363
9.289027
9.780945
10.284182
10.798811
11.324916
11.862589
12.411932
12.973056
13.546083
14.131144
14.728380
15.337941
15.959992
16.594704
17.242263
17.902865
18.576721
19.264052
19.965094
20.680100
21.409333
22.153078
22.911632
23.685315
24.474464
25.279436
26.100612
26.938396
27.793218
28.665536
29.555837
30.464642
31.392504
32.340019
33.307820
34.296589
35.307056
36.340008
37.396290
38.476816
39.582576
40.714640
41.874173
43.062445
44.280842
45.530884
46.814244
48.132767
49.488498
50.883713
52.320959
53.803096
55.333358
56.915426
58.553513
60.252486
62.018014
63.856767
65.776682
67.787328
69.900424
72.130579
74.496409
77.022267
79.741079
82.699288
85.966190
89.653655
93.965043
99.352877
0.000000
